1.000000000000000000e+00 4.861711417714197764e-04
     0.999938    0.000490
     0.999751    0.000502
     0.999439    0.000522
     0.999003    0.000551
     0.998443    0.000588
     0.997759    0.000634
     0.996950    0.000690
     0.996018    0.000756
     0.994962    0.000833
     0.993782    0.000921
     0.992480    0.001021
     0.991055    0.001135
     0.989507    0.001262
     0.987838    0.001405
     0.986046    0.001564
     0.984134    0.001739
     0.982101    0.001933
     0.979948    0.002147
     0.977675    0.002381
     0.975284    0.002636
     0.972774    0.002915
     0.970146    0.003218
     0.967400    0.003546
     0.964539    0.003901
     0.961561    0.004284
     0.958469    0.004695
     0.955262    0.005137
     0.951942    0.005610
     0.948509    0.006116
     0.944964    0.006654
     0.941309    0.007227
     0.937544    0.007835
     0.933669    0.008479
     0.929686    0.009160
     0.925597    0.009877
     0.921401    0.010633
     0.917100    0.011426
     0.912695    0.012258
     0.908188    0.013129
     0.903579    0.014039
     0.898869    0.014988
     0.894059    0.015975
     0.889152    0.017001
     0.884147    0.018065
     0.879047    0.019167
     0.873852    0.020305
     0.868565    0.021480
     0.863185    0.022691
     0.857715    0.023936
     0.852155    0.025215
     0.846508    0.026526
     0.840775    0.027868
     0.834956    0.029240
     0.829054    0.030640
     0.823070    0.032067
     0.817006    0.033518
     0.810862    0.034993
     0.804642    0.036489
     0.798345    0.038004
     0.791974    0.039537
     0.785530    0.041086
     0.779014    0.042647
     0.772430    0.044220
     0.765777    0.045803
     0.759059    0.047392
     0.752275    0.048986
     0.745429    0.050582
     0.738522    0.052178
     0.731555    0.053773
     0.724530    0.055363
     0.717450    0.056947
     0.710315    0.058523
     0.703128    0.060087
     0.695890    0.061639
     0.688604    0.063175
     0.681270    0.064695
     0.673891    0.066195
     0.666469    0.067674
     0.659006    0.069130
     0.651503    0.070560
     0.643962    0.071965
     0.636385    0.073340
     0.628774    0.074685
     0.621131    0.075999
     0.613458    0.077279
     0.605757    0.078524
     0.598029    0.079733
     0.590277    0.080904
     0.582502    0.082037
     0.574707    0.083130
     0.566893    0.084181
     0.559063    0.085191
     0.551217    0.086157
     0.543359    0.087080
     0.535491    0.087958
     0.527613    0.088791
     0.519728    0.089579
     0.511839    0.090320
     0.503947    0.091014
     0.496053    0.091661
     0.488161    0.092260
     0.480272    0.092812
     0.472387    0.093316
     0.464509    0.093773
     0.456641    0.094181
     0.448783    0.094541
     0.440937    0.094854
     0.433107    0.095118
     0.425293    0.095335
     0.417498    0.095504
     0.409723    0.095627
     0.401971    0.095702
     0.394243    0.095731
     0.386542    0.095713
     0.378869    0.095649
     0.371226    0.095540
     0.363615    0.095385
     0.356038    0.095185
     0.348497    0.094941
     0.340994    0.094653
     0.333531    0.094321
     0.326109    0.093945
     0.318730    0.093527
     0.311396    0.093066
     0.304110    0.092564
     0.296872    0.092019
     0.289685    0.091433
     0.282550    0.090807
     0.275470    0.090140
     0.268445    0.089433
     0.261478    0.088687
     0.254571    0.087902
     0.247725    0.087079
     0.240941    0.086217
     0.234223    0.085319
     0.227570    0.084383
     0.220986    0.083412
     0.214470    0.082406
     0.208026    0.081365
     0.201655    0.080290
     0.195358    0.079182
     0.189138    0.078043
     0.182994    0.076873
     0.176930    0.075673
     0.170946    0.074444
     0.165044    0.073188
     0.159225    0.071907
     0.153492    0.070600
     0.147845    0.069270
     0.142285    0.067919
     0.136815    0.066547
     0.131435    0.065158
     0.126148    0.063751
     0.120953    0.062330
     0.115853    0.060896
     0.110848    0.059450
     0.105941    0.057995
     0.101131    0.056533
     0.096421    0.055065
     0.091812    0.053593
     0.087305    0.052120
     0.082900    0.050646
     0.078599    0.049174
     0.074403    0.047705
     0.070314    0.046241
     0.066331    0.044784
     0.062456    0.043334
     0.058691    0.041892
     0.055036    0.040461
     0.051491    0.039041
     0.048058    0.037632
     0.044738    0.036236
     0.041531    0.034852
     0.038439    0.033480
     0.035461    0.032121
     0.032600    0.030775
     0.029854    0.029441
     0.027226    0.028118
     0.024716    0.026805
     0.022325    0.025502
     0.020052    0.024206
     0.017899    0.022918
     0.015866    0.021634
     0.013954    0.020354
     0.012162    0.019075
     0.010493    0.017795
     0.008945    0.016511
     0.007520    0.015223
     0.006218    0.013926
     0.005038    0.012620
     0.003982    0.011300
     0.003050    0.009966
     0.002241    0.008614
     0.001557    0.007241
     0.000997    0.005846
     0.000561    0.004427
     0.000249    0.002981
     0.000062    0.001506
     0.000000    0.000000
     0.000062   -0.000475
     0.000249   -0.000980
     0.000561   -0.001512
     0.000997   -0.002066
     0.001557   -0.002641
     0.002241   -0.003233
     0.003050   -0.003839
     0.003982   -0.004456
     0.005038   -0.005080
     0.006218   -0.005708
     0.007520   -0.006338
     0.008945   -0.006967
     0.010493   -0.007593
     0.012162   -0.008213
     0.013954   -0.008826
     0.015866   -0.009430
     0.017899   -0.010023
     0.020052   -0.010605
     0.022325   -0.011174
     0.024716   -0.011731
     0.027226   -0.012274
     0.029854   -0.012805
     0.032600   -0.013322
     0.035461   -0.013828
     0.038439   -0.014322
     0.041531   -0.014806
     0.044738   -0.015281
     0.048058   -0.015748
     0.051491   -0.016207
     0.055036   -0.016662
     0.058691   -0.017113
     0.062456   -0.017562
     0.066331   -0.018010
     0.070314   -0.018458
     0.074403   -0.018909
     0.078599   -0.019363
     0.082900   -0.019821
     0.087305   -0.020285
     0.091812   -0.020755
     0.096421   -0.021231
     0.101131   -0.021715
     0.105941   -0.022207
     0.110848   -0.022707
     0.115853   -0.023213
     0.120953   -0.023728
     0.126148   -0.024248
     0.131435   -0.024775
     0.136815   -0.025306
     0.142285   -0.025842
     0.147845   -0.026380
     0.153492   -0.026919
     0.159225   -0.027458
     0.165044   -0.027995
     0.170946   -0.028528
     0.176930   -0.029056
     0.182994   -0.029577
     0.189138   -0.030090
     0.195358   -0.030591
     0.201655   -0.031080
     0.208026   -0.031556
     0.214470   -0.032015
     0.220986   -0.032458
     0.227570   -0.032882
     0.234223   -0.033286
     0.240941   -0.033669
     0.247725   -0.034030
     0.254571   -0.034369
     0.261478   -0.034683
     0.268445   -0.034973
     0.275470   -0.035238
     0.282550   -0.035479
     0.289685   -0.035694
     0.296872   -0.035884
     0.304110   -0.036048
     0.311396   -0.036188
     0.318730   -0.036303
     0.326109   -0.036393
     0.333531   -0.036460
     0.340994   -0.036504
     0.348497   -0.036525
     0.356038   -0.036524
     0.363615   -0.036502
     0.371226   -0.036460
     0.378869   -0.036398
     0.386542   -0.036316
     0.394243   -0.036217
     0.401971   -0.036100
     0.409723   -0.035966
     0.417498   -0.035815
     0.425293   -0.035649
     0.433107   -0.035468
     0.440937   -0.035273
     0.448783   -0.035063
     0.456641   -0.034840
     0.464509   -0.034604
     0.472387   -0.034356
     0.480272   -0.034094
     0.488161   -0.033821
     0.496053   -0.033537
     0.503947   -0.033241
     0.511839   -0.032934
     0.519728   -0.032616
     0.527613   -0.032288
     0.535491   -0.031950
     0.543359   -0.031602
     0.551217   -0.031245
     0.559063   -0.030879
     0.566893   -0.030504
     0.574707   -0.030122
     0.582502   -0.029732
     0.590277   -0.029335
     0.598029   -0.028931
     0.605757   -0.028521
     0.613458   -0.028106
     0.621131   -0.027687
     0.628774   -0.027263
     0.636385   -0.026836
     0.643962   -0.026406
     0.651503   -0.025973
     0.659006   -0.025539
     0.666469   -0.025104
     0.673891   -0.024669
     0.681270   -0.024234
     0.688604   -0.023799
     0.695890   -0.023366
     0.703128   -0.022934
     0.710315   -0.022504
     0.717450   -0.022076
     0.724530   -0.021651
     0.731555   -0.021228
     0.738522   -0.020808
     0.745429   -0.020390
     0.752275   -0.019976
     0.759059   -0.019563
     0.765777   -0.019154
     0.772430   -0.018746
     0.779014   -0.018341
     0.785530   -0.017938
     0.791974   -0.017535
     0.798345   -0.017134
     0.804642   -0.016734
     0.810862   -0.016334
     0.817006   -0.015934
     0.823070   -0.015534
     0.829054   -0.015134
     0.834956   -0.014732
     0.840775   -0.014329
     0.846508   -0.013925
     0.852155   -0.013520
     0.857715   -0.013113
     0.863185   -0.012704
     0.868565   -0.012294
     0.873852   -0.011883
     0.879047   -0.011470
     0.884147   -0.011057
     0.889152   -0.010644
     0.894059   -0.010230
     0.898869   -0.009818
     0.903579   -0.009406
     0.908188   -0.008996
     0.912695   -0.008589
     0.917100   -0.008185
     0.921401   -0.007786
     0.925597   -0.007391
     0.929686   -0.007002
     0.933669   -0.006619
     0.937544   -0.006244
     0.941309   -0.005878
     0.944964   -0.005520
     0.948509   -0.005172
     0.951942   -0.004834
     0.955262   -0.004508
     0.958469   -0.004193
     0.961561   -0.003891
     0.964539   -0.003601
     0.967400   -0.003324
     0.970146   -0.003061
     0.972774   -0.002812
     0.975284   -0.002576
     0.977675   -0.002354
     0.979948   -0.002146
     0.982101   -0.001952
     0.984134   -0.001771
     0.986046   -0.001604
     0.987838   -0.001450
     0.989507   -0.001309
     0.991055   -0.001180
     0.992480   -0.001064
     0.993782   -0.000959
     0.994962   -0.000866
     0.996018   -0.000784
     0.996950   -0.000713
     0.997759   -0.000651
     0.998443   -0.000600
     0.999003   -0.000559
     0.999439   -0.000527
     0.999751   -0.000504
     0.999938   -0.000491
     1.000000   -0.000486
