1.000097036361694336e+00 9.194873273372650146e-04
9.991205334663391113e-01 1.015279442071914673e-03
9.960212707519531250e-01 1.086343079805374146e-03
9.908117055892944336e-01 1.574902795255184174e-03
9.837232232093811035e-01 2.338200807571411133e-03
9.744837284088134766e-01 3.305420279502868652e-03
9.635875225067138672e-01 4.576209932565689087e-03
9.505354166030883789e-01 6.356915459036827087e-03
9.358578920364379883e-01 8.443880826234817505e-03
9.191968441009521484e-01 1.087117195129394531e-02
9.007569551467895508e-01 1.372187957167625427e-02
8.808072805404663086e-01 1.680316030979156494e-02
8.592675924301147461e-01 2.032433450222015381e-02
8.363651037216186523e-01 2.399988472461700439e-02
8.118390440940856934e-01 2.803996950387954712e-02
7.861030101776123047e-01 3.249480575323104858e-02
7.592437863349914551e-01 3.731540590524673462e-02
7.313908338546752930e-01 4.257340729236602783e-02
7.025575637817382812e-01 4.816559329628944397e-02
6.727533936500549316e-01 5.416005849838256836e-02
6.423071622848510742e-01 6.046929582953453064e-02
6.112946867942810059e-01 6.694974005222320557e-02
5.798473954200744629e-01 7.344341278076171875e-02
5.480167865753173828e-01 7.981611788272857666e-02
5.161027908325195312e-01 8.571591228246688843e-02
4.840006232261657715e-01 9.087917953729629517e-02
4.520374536514282227e-01 9.498634934425354004e-02
4.201696515083312988e-01 9.789849072694778442e-02
3.888994753360748291e-01 9.936020523309707642e-02
3.576507866382598877e-01 9.942467510700225830e-02
3.273808956146240234e-01 9.815944731235504150e-02
2.976038455963134766e-01 9.572963416576385498e-02
2.687594890594482422e-01 9.208828210830688477e-02
2.408215403556823730e-01 8.779788762331008911e-02
2.140316069126129150e-01 8.289057016372680664e-02
1.882028579711914062e-01 7.751388847827911377e-02
1.638755798339843750e-01 7.200837135314941406e-02
1.407614201307296753e-01 6.635545939207077026e-02
1.192732304334640503e-01 6.054681539535522461e-02
9.931610524654388428e-02 5.464940518140792847e-02
8.094757050275802612e-02 4.846694320440292358e-02
6.428486853837966919e-02 4.211951047182083130e-02
4.958238452672958374e-02 3.556567430496215820e-02
3.660019487142562866e-02 2.894660271704196930e-02
2.548555471003055573e-02 2.253387868404388428e-02
1.636920310556888580e-02 1.644998602569103241e-02
9.279016405344009399e-03 1.090591866523027420e-02
4.034611396491527557e-03 6.090601440519094467e-03
9.654294699430465698e-04 2.322997897863388062e-03
-3.795139491558074951e-05 1.445389352738857269e-04
1.086354721337556839e-03 -6.909736432135105133e-03
4.087224602699279785e-03 -1.241209451109170914e-02
9.215435013175010681e-03 -1.750477030873298645e-02
1.633469201624393463e-02 -2.187150903046131134e-02
2.548565901815891266e-02 -2.570793218910694122e-02
3.650856763124465942e-02 -2.940439246594905853e-02
4.940111562609672546e-02 -3.269395232200622559e-02
6.441261619329452515e-02 -3.582045435905456543e-02
8.096405863761901855e-02 -3.870318084955215454e-02
9.929010272026062012e-02 -4.110205918550491333e-02
1.193516999483108521e-01 -4.312521964311599731e-02
1.408630311489105225e-01 -4.472666978836059570e-02
1.639898419380187988e-01 -4.615137353539466858e-02
1.882623285055160522e-01 -4.723130166530609131e-02
2.138689905405044556e-01 -4.830823093652725220e-02
2.408965528011322021e-01 -4.929059371352195740e-02
2.687844038009643555e-01 -5.024107545614242554e-02
2.975226044654846191e-01 -5.108550190925598145e-02
3.272344470024108887e-01 -5.179816484451293945e-02
3.577184081077575684e-01 -5.223531275987625122e-02
3.887411355972290039e-01 -5.237697064876556396e-02
4.202589094638824463e-01 -5.205232277512550354e-02
4.520961642265319824e-01 -5.119378119707107544e-02
4.841338396072387695e-01 -4.998660087585449219e-02
5.160969495773315430e-01 -4.832027107477188110e-02
5.481189489364624023e-01 -4.631922394037246704e-02
5.797712802886962891e-01 -4.395744204521179199e-02
6.113069057464599609e-01 -4.146128147840499878e-02
6.422677040100097656e-01 -3.889239579439163208e-02
6.727817058563232422e-01 -3.607108071446418762e-02
7.023544907569885254e-01 -3.310371935367584229e-02
7.312396764755249023e-01 -3.002670593559741974e-02
7.592607736587524414e-01 -2.693025022745132446e-02
7.861854434013366699e-01 -2.384148165583610535e-02
8.119153976440429688e-01 -2.080843970179557800e-02
8.362195491790771484e-01 -1.794911548495292664e-02
8.592457771301269531e-01 -1.520521193742752075e-02
8.807801604270935059e-01 -1.278304215520620346e-02
9.007719755172729492e-01 -1.062870025634765625e-02
9.191365242004394531e-01 -8.502926677465438843e-03
9.359157085418701172e-01 -6.743355654180049896e-03
9.506512284278869629e-01 -5.358811467885971069e-03
9.636884927749633789e-01 -4.236048087477684021e-03
9.745863676071166992e-01 -3.501100465655326843e-03
9.839313030242919922e-01 -2.899430692195892334e-03
9.910267591476440430e-01 -2.114227041602134705e-03
9.959855675697326660e-01 -1.392485573887825012e-03
9.990916252136230469e-01 -1.056726090610027313e-03
1.000076770782470703e+00 -8.630882948637008667e-04
