1.000089287757873535e+00 6.692991591989994049e-04
9.990848302841186523e-01 9.948499500751495361e-04
9.959837198257446289e-01 1.930970698595046997e-03
9.907610416412353516e-01 3.720111213624477386e-03
9.837175011634826660e-01 6.277449429035186768e-03
9.744552969932556152e-01 9.432382881641387939e-03
9.635280370712280273e-01 1.324987038969993591e-02
9.504958391189575195e-01 1.780662313103675842e-02
9.358539581298828125e-01 2.290026843547821045e-02
9.191796779632568359e-01 2.839919179677963257e-02
9.007376432418823242e-01 3.429644927382469177e-02
8.807452917098999023e-01 4.027193039655685425e-02
8.592474460601806641e-01 4.648903012275695801e-02
8.363052606582641602e-01 5.255124345421791077e-02
8.118348121643066406e-01 5.856252089142799377e-02
7.861061692237854004e-01 6.439244002103805542e-02
7.592383623123168945e-01 6.989513337612152100e-02
7.313803434371948242e-01 7.503445446491241455e-02
7.025147676467895508e-01 7.968922704458236694e-02
6.727259755134582520e-01 8.387438952922821045e-02
6.422783136367797852e-01 8.759539574384689331e-02
6.112754344940185547e-01 9.081472456455230713e-02
5.798246860504150391e-01 9.354750812053680420e-02
5.480007529258728027e-01 9.591515362262725830e-02
5.160975456237792969e-01 9.774241596460342407e-02
4.839682579040527344e-01 9.908172488212585449e-02
4.519785046577453613e-01 9.985280036926269531e-02
4.201422929763793945e-01 1.000879257917404175e-01
3.888965249061584473e-01 9.967787563800811768e-02
3.576292991638183594e-01 9.871762245893478394e-02
3.273649513721466064e-01 9.717667847871780396e-02
2.975921034812927246e-01 9.510680288076400757e-02
2.687474787235260010e-01 9.245438128709793091e-02
2.408251911401748657e-01 8.941514790058135986e-02
2.140436917543411255e-01 8.579985797405242920e-02
1.881815791130065918e-01 8.168936520814895630e-02
1.638960838317871094e-01 7.719700783491134644e-02
1.408215165138244629e-01 7.226321101188659668e-02
1.192522421479225159e-01 6.695556640625000000e-02
9.931749105453491211e-02 6.126863881945610046e-02
8.090599626302719116e-02 5.522650480270385742e-02
6.431410461664199829e-02 4.889332875609397888e-02
4.961146041750907898e-02 4.240734875202178955e-02
3.655680641531944275e-02 3.591652959585189819e-02
2.548233233392238617e-02 2.956150844693183899e-02
1.635397225618362427e-02 2.336510829627513885e-02
9.248107671737670898e-03 1.727080717682838440e-02
4.059533588588237762e-03 1.131785288453102112e-02
9.806659072637557983e-04 5.469607189297676086e-03
-4.023034125566482544e-05 8.516479283571243286e-05
1.068105455487966537e-03 -3.651807084679603577e-03
4.085004329681396484e-03 -6.872044876217842102e-03
9.210087358951568604e-03 -1.035937573760747910e-02
1.638856716454029083e-02 -1.363926008343696594e-02
2.548422664403915405e-02 -1.668671332299709320e-02
3.655090928077697754e-02 -1.973646692931652069e-02
4.942309111356735229e-02 -2.264375425875186920e-02
6.440351158380508423e-02 -2.558085322380065918e-02
8.095190674066543579e-02 -2.856418117880821228e-02
9.929219633340835571e-02 -3.157566487789154053e-02
1.193597316741943359e-01 -3.452149033546447754e-02
1.408892720937728882e-01 -3.739002346992492676e-02
1.639693081378936768e-01 -4.011166468262672424e-02
1.882705092430114746e-01 -4.253003001213073730e-02
2.138800323009490967e-01 -4.471135884523391724e-02
2.408901453018188477e-01 -4.653463512659072876e-02
2.687831521034240723e-01 -4.795222729444503784e-02
2.975218594074249268e-01 -4.905403777956962585e-02
3.272452354431152344e-01 -4.977829754352569580e-02
3.577315807342529297e-01 -5.016002804040908813e-02
3.887143433094024658e-01 -5.030829459428787231e-02
4.202624559402465820e-01 -5.010353773832321167e-02
4.521008133888244629e-01 -4.950514063239097595e-02
4.841151535511016846e-01 -4.857758805155754089e-02
5.160976648330688477e-01 -4.711243510246276855e-02
5.481233000755310059e-01 -4.511100053787231445e-02
5.797441005706787109e-01 -4.241203516721725464e-02
6.113135814666748047e-01 -3.909488022327423096e-02
6.422551870346069336e-01 -3.524815291166305542e-02
6.727548837661743164e-01 -3.081941977143287659e-02
7.023634314537048340e-01 -2.595048025250434875e-02
7.311962842941284180e-01 -2.096271328628063202e-02
7.592260837554931641e-01 -1.600321009755134583e-02
7.861312627792358398e-01 -1.133780740201473236e-02
8.118817806243896484e-01 -7.120233029127120972e-03
8.361930251121520996e-01 -3.515288233757019043e-03
8.592342138290405273e-01 -5.969926714897155762e-04
8.807619214057922363e-01 1.589478924870491028e-03
9.007788300514221191e-01 2.996480092406272888e-03
9.190835952758789062e-01 4.039393737912178040e-03
9.358582496643066406e-01 4.372874274849891663e-03
9.505821466445922852e-01 4.097290337085723877e-03
9.636554718017578125e-01 3.388659562915563583e-03
9.745534658432006836e-01 2.286285161972045898e-03
9.839102625846862793e-01 1.182157546281814575e-03
9.909694194793701172e-01 4.302971065044403076e-04
9.959160685539245605e-01 -9.416835382580757141e-05
9.990822076797485352e-01 -5.380902439355850220e-04
1.000039100646972656e+00 -6.308872252702713013e-04
