1.000086188316345215e+00 5.633281543850898743e-04
9.990740418434143066e-01 8.701533079147338867e-04
9.959663152694702148e-01 1.767832785844802856e-03
9.907695055007934570e-01 3.479271195828914642e-03
9.836912155151367188e-01 6.006125360727310181e-03
9.744731187820434570e-01 9.149137884378433228e-03
9.635364413261413574e-01 1.299435365945100784e-02
9.504831433296203613e-01 1.762894168496131897e-02
9.358445405960083008e-01 2.284882590174674988e-02
9.191626310348510742e-01 2.855858206748962402e-02
9.007202386856079102e-01 3.467285260558128357e-02
8.807493448257446289e-01 4.090499132871627808e-02
8.592386245727539062e-01 4.740047454833984375e-02
8.363049030303955078e-01 5.374132469296455383e-02
8.118308782577514648e-01 6.003794074058532715e-02
7.861135005950927734e-01 6.620477139949798584e-02
7.592169046401977539e-01 7.203471660614013672e-02
7.313800454139709473e-01 7.753700017929077148e-02
7.025097608566284180e-01 8.254162967205047607e-02
6.727320551872253418e-01 8.700517565011978149e-02
6.422733664512634277e-01 9.090013056993484497e-02
6.112709045410156250e-01 9.416418522596359253e-02
5.798261165618896484e-01 9.679673612117767334e-02
5.480178594589233398e-01 9.882745146751403809e-02
5.160911679267883301e-01 1.001959294080734253e-01
4.839516580104827881e-01 1.009809374809265137e-01
4.519545137882232666e-01 1.011021956801414490e-01
4.201502203941345215e-01 1.006726175546646118e-01
3.888910114765167236e-01 9.970617294311523438e-02
3.576409816741943359e-01 9.826758503913879395e-02
3.273769319057464600e-01 9.637425094842910767e-02
2.975865006446838379e-01 9.411244839429855347e-02
2.687466740608215332e-01 9.137746691703796387e-02
2.408283948898315430e-01 8.832220733165740967e-02
2.140115201473236084e-01 8.473241329193115234e-02
1.882058978080749512e-01 8.062322437763214111e-02
1.639086455106735229e-01 7.609484344720840454e-02
1.408075094223022461e-01 7.111342251300811768e-02
1.192612573504447937e-01 6.566926836967468262e-02
9.930706024169921875e-02 5.984030291438102722e-02
8.089632540941238403e-02 5.360329151153564453e-02
6.429122388362884521e-02 4.708407446742057800e-02
4.960634186863899231e-02 4.040952771902084351e-02
3.656025230884552002e-02 3.376301378011703491e-02
2.546771615743637085e-02 2.731738984584808350e-02
1.634631492197513580e-02 2.115444280207157135e-02
9.267244488000869751e-03 1.524613145738840103e-02
4.063039086759090424e-03 9.608059190213680267e-03
9.751152247190475464e-04 4.482561722397804260e-03
-4.366599023342132568e-05 5.911081098020076752e-05
1.067372970283031464e-03 -4.293892532587051392e-03
4.084706306457519531e-03 -7.885005325078964233e-03
9.212167933583259583e-03 -1.151235494762659073e-02
1.637283340096473694e-02 -1.477150712162256241e-02
2.547742053866386414e-02 -1.775390654802322388e-02
3.653461858630180359e-02 -2.063923887908458710e-02
4.941296577453613281e-02 -2.337083406746387482e-02
6.440863758325576782e-02 -2.602203562855720520e-02
8.095576614141464233e-02 -2.862800471484661102e-02
9.926632046699523926e-02 -3.106649592518806458e-02
1.193498671054840088e-01 -3.329608589410781860e-02
1.408800333738327026e-01 -3.526039794087409973e-02
1.639662981033325195e-01 -3.695887699723243713e-02
1.882632076740264893e-01 -3.827214986085891724e-02
2.139008045196533203e-01 -3.935428708791732788e-02
2.409006357192993164e-01 -4.016395658254623413e-02
2.687826156616210938e-01 -4.073275625705718994e-02
2.975286841392517090e-01 -4.120979085564613342e-02
3.272390663623809814e-01 -4.162920266389846802e-02
3.577250540256500244e-01 -4.196710139513015747e-02
3.887092769145965576e-01 -4.237643629312515259e-02
4.202573299407958984e-01 -4.268119111657142639e-02
4.520951509475708008e-01 -4.280551895499229431e-02
4.840928912162780762e-01 -4.271627962589263916e-02
5.160949230194091797e-01 -4.217565059661865234e-02
5.481214523315429688e-01 -4.105328768491744995e-02
5.797600746154785156e-01 -3.913544863462448120e-02
6.113264560699462891e-01 -3.649619221687316895e-02
6.422513723373413086e-01 -3.313482552766799927e-02
6.727505326271057129e-01 -2.899674512445926666e-02
7.023656964302062988e-01 -2.428014203906059265e-02
7.311913967132568359e-01 -1.925792358815670013e-02
7.592326998710632324e-01 -1.412479765713214874e-02
7.861151695251464844e-01 -9.248584508895874023e-03
8.118793964385986328e-01 -4.789108410477638245e-03
8.361797332763671875e-01 -1.001909375190734863e-03
8.592462539672851562e-01 2.004440873861312866e-03
8.807809948921203613e-01 4.177936352789402008e-03
9.007467031478881836e-01 5.491003394126892090e-03
9.190814495086669922e-01 6.292555481195449829e-03
9.358748793601989746e-01 6.336242891848087311e-03
9.505692720413208008e-01 5.675435066223144531e-03
9.636446237564086914e-01 4.595119040459394455e-03
9.745451807975769043e-01 3.162363544106483459e-03
9.838769435882568359e-01 1.786343753337860107e-03
9.909701347351074219e-01 7.831901311874389648e-04
9.959262609481811523e-01 1.226938329637050629e-04
9.991031885147094727e-01 -4.160413518548011780e-04
1.000040888786315918e+00 -5.178488790988922119e-04
