-1.000000000000000000e+07
-8.793977565244600214e+01
-8.014238501730933706e+01
-7.327370150309637609e+01
-6.990185416777444516e+01
-6.956155924882259001e+01
-6.827789023405603075e+01
-6.801839074496290038e+01
-6.607517796461650050e+01
-6.356192120263343526e+01
-5.057937179315859311e+01
-4.682278926355046167e+01
-4.636248554276505018e+01
-3.976078207854791913e+01
-3.805836320277810358e+01
-3.733542545653396161e+01
-3.447625179629610415e+01
-3.122399564201992561e+01
-2.838195905240762329e+01
-2.795544025474064043e+01
-2.346616362224310137e+01
-2.048041958747919722e+01
