1.000076055526733398e+00 4.487331025302410126e-04
9.990857839584350586e-01 8.097030222415924072e-04
9.959563016891479492e-01 1.863908022642135620e-03
9.907885789871215820e-01 3.803907893598079681e-03
9.837160110473632812e-01 6.402526050806045532e-03
9.744969010353088379e-01 9.380172938108444214e-03
9.635481834411621094e-01 1.273961178958415985e-02
9.504789113998413086e-01 1.647546701133251190e-02
9.358558654785156250e-01 2.039391919970512390e-02
9.191764593124389648e-01 2.454886585474014282e-02
9.007409811019897461e-01 2.894130721688270569e-02
8.807408213615417480e-01 3.354440629482269287e-02
8.592341542243957520e-01 3.861197084188461304e-02
8.363083600997924805e-01 4.389860108494758606e-02
8.118317127227783203e-01 4.963293299078941345e-02
7.861093282699584961e-01 5.578263849020004272e-02
7.592087388038635254e-01 6.216927617788314819e-02
7.313511967658996582e-01 6.871971487998962402e-02
7.025128602981567383e-01 7.518368214368820190e-02
6.727300882339477539e-01 8.140464127063751221e-02
6.422696113586425781e-01 8.720535039901733398e-02
6.112481355667114258e-01 9.246364235877990723e-02
5.798249244689941406e-01 9.699688851833343506e-02
5.480141043663024902e-01 1.008047908544540405e-01
5.160980224609375000e-01 1.037943139672279358e-01
4.839724898338317871e-01 1.059597879648208618e-01
4.519823789596557617e-01 1.072796061635017395e-01
4.201488494873046875e-01 1.078368872404098511e-01
3.888869285583496094e-01 1.077232211828231812e-01
3.576476275920867920e-01 1.070199981331825256e-01
3.273662626743316650e-01 1.057910621166229248e-01
2.975745797157287598e-01 1.041112169623374939e-01
2.687391638755798340e-01 1.019552424550056458e-01
2.408287376165390015e-01 9.941042959690093994e-02
2.140269577503204346e-01 9.631752967834472656e-02
1.882127821445465088e-01 9.261415898799896240e-02
1.639146804809570312e-01 8.832241594791412354e-02
1.408067196607589722e-01 8.342945575714111328e-02
1.192629262804985046e-01 7.783137261867523193e-02
9.930699318647384644e-02 7.168065011501312256e-02
8.090923726558685303e-02 6.489791721105575562e-02
6.429740786552429199e-02 5.773973464965820312e-02
4.959504306316375732e-02 5.032288283109664917e-02
3.657804429531097412e-02 4.289881885051727295e-02
2.548283711075782776e-02 3.560068458318710327e-02
1.633376628160476685e-02 2.851294167339801788e-02
9.270131587982177734e-03 2.149531617760658264e-02
4.067192785441875458e-03 1.436433475464582443e-02
9.626708924770355225e-04 7.226563990116119385e-03
-3.557559102773666382e-05 6.278906948864459991e-05
1.073225867003202438e-03 -3.696089610457420349e-03
4.073753952980041504e-03 -7.357269525527954102e-03
9.213944897055625916e-03 -1.161828171461820602e-02
1.636562310159206390e-02 -1.583762653172016144e-02
2.546679414808750153e-02 -1.992728747427463531e-02
3.654474020004272461e-02 -2.390662766993045807e-02
4.944124072790145874e-02 -2.753596939146518707e-02
6.440296769142150879e-02 -3.090503811836242676e-02
8.097064495086669922e-02 -3.402280807495117188e-02
9.928851574659347534e-02 -3.676770627498626709e-02
1.193457990884780884e-01 -3.919501230120658875e-02
1.409043520689010620e-01 -4.126425832509994507e-02
1.639708876609802246e-01 -4.303839057683944702e-02
1.882631778717041016e-01 -4.445860534906387329e-02
2.139104604721069336e-01 -4.562646523118019104e-02
2.409026026725769043e-01 -4.649250954389572144e-02
2.687871456146240234e-01 -4.707062989473342896e-02
2.975234389305114746e-01 -4.740273952484130859e-02
3.272565901279449463e-01 -4.749300330877304077e-02
3.577184975147247314e-01 -4.728585109114646912e-02
3.887231647968292236e-01 -4.680411517620086670e-02
4.202427864074707031e-01 -4.604097083210945129e-02
4.520778059959411621e-01 -4.487534984946250916e-02
4.840921163558959961e-01 -4.334705322980880737e-02
5.160866975784301758e-01 -4.140849411487579346e-02
5.480854511260986328e-01 -3.895292431116104126e-02
5.797676444053649902e-01 -3.604442253708839417e-02
6.113315820693969727e-01 -3.273239731788635254e-02
6.422532796859741211e-01 -2.922116778790950775e-02
6.727511882781982422e-01 -2.542642317712306976e-02
7.023646235466003418e-01 -2.152301557362079620e-02
7.311993837356567383e-01 -1.764886267483234406e-02
7.592182755470275879e-01 -1.397532969713211060e-02
7.861297130584716797e-01 -1.054961234331130981e-02
8.118736147880554199e-01 -7.443859241902828217e-03
8.361964225769042969e-01 -4.714459180831909180e-03
8.592754602432250977e-01 -2.376370131969451904e-03
8.807983398437500000e-01 -5.022929981350898743e-04
9.007412195205688477e-01 9.674001485109329224e-04
9.191190004348754883e-01 2.184648066759109497e-03
9.358603358268737793e-01 2.885312540456652641e-03
9.505817294120788574e-01 3.015600144863128662e-03
9.636493921279907227e-01 2.719664713367819786e-03
9.745718240737915039e-01 1.975838094949722290e-03
9.838937520980834961e-01 1.098852604627609253e-03
9.909620285034179688e-01 5.130097270011901855e-04
9.959367513656616211e-01 1.146213617175817490e-04
9.991036653518676758e-01 -3.244634717702865601e-04
1.000041365623474121e+00 -3.703255206346511841e-04
